Material Number
equals
5006849, 5230245, 5245692,
5245694, 5012865, 5230261,
5010925, 5230680, 5003781,
5241934, 5001042, 5001903,
5002869, 5002877, 5003003,
5003733, 5004135, 5005423,
5005812, 5005995, 5006386,
5007517, 5010906, 5011884,
5012260, 5013779, 5015168,
5022303, 5025038, 5028244,
5030264, 5033655, 5034246,
5208467, 5209816, 5209845,
5210051, 5210141, 5210221,
5210222, 5210232, 5211104,
5211960, 5214561, 5214563,
5214564, 5214565, 5214566,
5214570, 5218088, 5226263,
5227440, 5237433, 5238101,
5238463, 5239011, 5240544,
5240546, 5241570, 5241588,
5241779, 5241812, 5242799,
5243062, 5243110, 5243112,
5243117, 5243348, 5243380,
5243393, 5244103, 5244975,
5245170, 5245192, 5245243,
5245254, 5245647, 5245696,
5246801 or 5246804
